1000 1 200
155.087 29.7693
96.6142 70.6688
96.9525 73.4522
89.1951 6.32774
92.665 4.45607
77.5797 133.368
83.6768 160.052
163.63 82.289
101.944 70.2686
76.9088 2.0407
171.106 54.5737
38.6207 136.321
133.036 166.644
103.624 45.5139
70.8883 95.1443
15.6799 176.691
127.23 86.4632
81.1271 113.667
132.677 181.415
34.767 78.5487
82.8069 195.253
178.027 157.507
135.492 168.029
108.318 178.235
2.11812 4.14871
177.672 169.881
7.51214 1.17227
54.5669 94.8369
108.697 48.6068
132.799 4.20625
169.942 189.316
120.945 102.137
195.253 178.907
68.7844 198.134
73.6942 114.583
170.571 107.008
122.74 26.1127
34.5542 145.79
11.232 30.16
4.47216 26.3955
120.548 123.88
189.97 73.8499
119.895 36.133
185.431 48.9152
129.589 6.33734
118.213 32.3648
168.328 41.3417
77.9341 123.226
89.2669 84.5909
152.598 79.8078
10.8303 33.0159
195.643 140.91
171.932 141.088
167.817 186.132
4.30183 42.1376
10.3802 38.8708
72.4894 135.491
1.19446 36.1849
115.591 189.381
98.0174 82.9058
180.233 192.886
170.692 158.193
95.7015 84.766
91.6813 85.9769
18.377 182.981
189.127 35.0941
79.4085 85.2211
77.054 77.4166
146.6 20.6942
95.8569 96.8184
21.4532 35.5412
16.1511 38.5631
82.3833 14.9241
91.5114 101.582
146.511 39.5101
47.1225 157.465
176.161 17.8574
42.6606 21.226
118.564 128.871
22.7994 136.088
76.6584 96.1737
58.2107 148.473
195.849 26.9612
20.5949 142.68
107.253 121.74
85.5832 85.0401
92.2059 89.3522
51.6806 144.856
85.8921 98.0165
123.061 61.4528
66.1831 101.015
165.736 95.8864
33.0591 197.989
41.6673 47.9585
111.035 197.333
33.8156 39.4545
97.943 89.3997
15.021 147.245
41.5295 42.2799
17.1504 172.332
113.978 73.9902
14.9938 152.399
193.074 164.499
191.424 54.2146
173.656 26.0026
190.222 195.536
26.5277 198.651
181.416 29.3002
194.312 98.5017
55.0656 103.971
126.536 197.389
190.287 188.669
95.2472 173.138
90.4448 130.167
43.8599 10.6996
47.7807 45.3772
101.515 180.671
180.954 79.1881
135.94 196.6
47.9428 81.0642
45.8215 85.3096
14.2979 14.1734
93.5009 126.567
42.7244 79.5411
41.6334 139.915
38.708 85.6065
141.302 73.5371
33.2427 48.9162
28.3047 45.6146
22.5588 23.6117
8.86087 8.30488
6.35551 10.8374
14.7161 10.7009
19.8007 7.59535
114.777 145.125
122.372 66.9614
145.812 45.6834
123.401 64.1984
146.724 63.6078
19.1803 17.43
22.9419 197.118
169.795 34.1224
123.731 140.821
129.833 196.573
110.606 182.058
38.6668 129.545
169.62 167.26
114.611 39.421
166.928 160.665
2.22997 17.4688
143.632 66.9809
44.4124 154.758
41.4642 58.2533
80.3191 166.448
42.1305 94.5069
45.6627 92.5152
4.72168 23.8427
192.976 20.3552
194.079 85.9848
102.22 194.064
89.1243 97.1393
42.1742 51.4172
161.366 32.671
189.428 29.5895
23.0369 32.5107
13.7606 41.6987
18.2178 29.8147
22.0148 1.88826
33.9686 96.3298
94.3901 156.248
191.03 17.4947
198.868 1.5323
172.925 114.777
44.2179 67.169
19.6197 4.18836
107.886 188.649
28.369 129.588
126.745 127.036
182.345 6.12855
132.773 196.721
147.783 84.1659
122.393 70.8293
176.269 10.6418
159.302 155.098
84.3302 129.456
183.273 63.6666
30.4981 1.40777
109.488 64.1175
114.149 45.0964
186.312 11.1244
144.879 127.915
105.684 67.3287
108.03 133.403
30.9849 17.486
11.1176 160.738
133.052 73.4611
28.5117 122.282
41.9451 35.5253
43.3776 151.201
36.2609 103.406
33.2124 107.186
131.872 45.485
36.4071 161.354
26.2552 157.629
195.458 117.869
168.083 29.1969
30.965 155.245
28.0668 151.808
198.118 116.83
82.5958 126.201
27.5794 103.479
70.1123 60.6443
76.2868 14.5647
98.4957 18.8091
79.2497 95.4462
146.859 29.8777
198.557 70.3683
133.932 66.8215
18.0328 20.5306
4.66439 14.0288
135.641 177.549
142.132 26.6884
30.2917 13.7246
30.1963 10.7092
155.321 171.404
83.2057 189.033
19.7211 26.5429
23.4133 47.9417
65.0626 151.982
68.328 72.3987
108.938 2.24034
108.232 154.51
7.40434 170.361
42.6252 103.198
38.6619 106.99
48.1675 97.2198
113.612 42.0855
129.619 42.2699
131.6 39.0693
41.1146 32.5946
161.259 160.853
154.831 26.987
39.5168 98.3958
9.39051 47.0569
71.4617 154.705
71.5852 66.9804
117.266 2.91462
107.978 103.211
113.615 1.6112
86.2045 104.816
107.484 73.39
129.709 184.173
81.5482 101.874
155.754 167.539
178.111 55.0593
126.09 184.272
4.24595 135.379
133.087 152.817
113.688 123.748
54.5905 48.6331
185.464 164.33
43.4423 171.308
121.062 172.685
176.659 110.849
172.319 154.499
123.627 3.86989
179.028 98.1141
31.1685 166.935
29.4092 163.644
180.834 26.4457
145.326 10.8387
186.215 106.36
182.655 101.805
154.764 113.787
117.511 157.953
33.6851 173.54
116.515 76.3198
91.7687 54.5616
18.8987 163.577
66.702 48.3543
151.289 138.504
145.917 17.5619
44.8333 107.504
113.793 109.253
109.309 60.7068
155.953 96.7332
151.638 114.127
135.747 48.2195
131.411 64.0447
189.305 135.943
145.619 159.173
144.744 51.8432
190.142 51.8452
69.6973 23.9476
193.809 94.7927
163.514 110.775
178.917 133.773
43.292 7.50416
92.5131 26.9963
88.7691 29.9918
31.5022 21.2377
18.1648 167.423
48.1409 107.126
182.509 126.48
123.235 92.418
106.705 85.4114
5.60494 196.223
101.678 102.035
71.5329 8.34103
72.5125 120.607
179.931 57.7991
155.031 1.89032
156.465 163.875
151.223 4.77773
86.4359 60.5625
2.98129 132.668
139.291 132.575
77.8285 57.3381
81.5361 55.0132
59.7309 114.23
81.7436 51.2811
21.7358 83.4338
63.9275 47.0305
157.441 8.91853
10.357 86.2897
7.74887 88.6992
14.2132 95.8642
93.9939 51.487
158.617 23.9997
154.091 158.231
102.048 146.112
98.2523 107.616
6.4446 118.81
51.6864 48.8957
185.641 32.3437
180.246 17.7871
171.686 131.505
80.579 107.547
65.7787 123.473
164.481 57.6038
105.942 32.2501
141.252 164.71
193.53 61.1488
21.9203 111.434
178.235 177.373
16.0811 102.291
61.1856 30.3674
94.932 42.3605
165.128 144.131
58.348 31.568
54.434 33.2202
45.6216 5.15703
51.6725 26.637
58.0189 135.98
169.246 182.253
148.301 13.8125
194.034 89.3321
192.607 146.99
4.7993 104.441
197.273 66.7696
165.347 61.3159
139.239 54.9381
67.332 35.1138
123.879 89.2825
192.173 120.701
64.5617 28.7861
21.097 191.004
86.3787 17.0047
95.2009 35.0641
64.7955 183.104
159.941 185.651
196.947 130.405
27.2974 132.505
102.067 160.356
9.95875 72.9831
177.031 73.8469
2.84722 70.4147
6.06199 54.1362
106.14 35.921
168.865 51.8747
70.7766 33.3683
10.5735 51.5158
86.4302 139.43
173.509 6.68865
169.755 7.03788
121.601 54.1294
136.286 153.425
20.7021 65.6307
170.275 23.5334
173.106 14.9501
186.308 146.95
197.197 64.3239
21.3517 59.4501
172.627 67.3603
11.1393 64.2684
8.06785 59.1529
76.3324 39.8195
166.891 119.526
153.126 54.1403
110.396 120.068
27.9632 135.622
166.005 3.01156
151.47 67.1307
84.3422 68.818
98.3281 42.401
152.096 64.0655
165.641 64.2536
144.038 61.1557
121.067 52.0129
98.6822 32.4461
168.13 176.562
154.528 145.446
110.814 157.591
81.3648 191.932
79.526 27.8482
129.621 91.7784
78.1876 110.399
59.6387 116.844
59.0355 197.6
64.1247 117.478
164.592 18.4791
18.3621 73.6536
188.719 57.3492
105.212 102.614
103.68 57.28
104.253 123.655
116.724 109.742
60.172 181.393
70.1685 39.0236
16.4812 70.5729
16.6611 51.8212
167.002 106.131
20.866 54.5909
159.068 178.347
126.81 60.7776
57.4228 42.4329
60.6688 39.5196
154.968 17.9428
81.8217 183.845
6.84914 126.183
154.405 127.001
110.879 51.7673
110.973 105.067
13.6745 115.323
152.032 20.7942
106.873 54.3142
21.686 123.304
90.2716 61.3367
94.1375 58.1443
48.0495 123.129
88.6015 43.0338
176.828 144.992
183.036 121.316
116.923 17.3101
45.0108 1.09942
179.892 51.7164
158.831 182.689
92.2703 43.5684
191.921 134.584
163.739 117.096
145.201 165.203
45.0909 115.709
154.102 51.2127
188.776 147.833
144.75 48.2835
192.564 103.807
148.38 133.418
185.883 117.199
39.9788 163.504
113.675 20.5113
8.02903 190.072
55.8778 81.1958
157.881 60.6619
135.22 54.5441
176.818 92.3205
122.518 16.4149
90.9203 104.438
43.0519 167.658
179.514 60.9278
177.836 119.969
165.228 132.541
186.066 21.147
135.579 95.6991
31.0111 4.87779
180.162 66.7857
42.0411 123.654
59.8035 123.993
105.39 89.1745
130.999 51.2707
145.332 140.962
55.9286 120.642
44.0927 14.6016
172.187 170.328
107.357 144.424
135.183 131.447
44.8829 17.2023
29.937 60.583
140.39 159.798
145.017 42.1544
39.1411 121.387
107.402 167.779
4.25394 129.958
56.2289 132.872
179.626 3.6683
130.065 126.296
184.691 95.7527
104.763 17.7097
42.7328 160.618
92.2379 188.751
32.9065 117.104
35.4883 119.969
33.1435 61.4293
34.2373 185.331
97.0562 117.197
32.8174 176.255
44.79 60.6983
196.71 23.7592
71.6661 138.601
145.767 35.8646
147.04 89.1013
160.422 110.644
107.251 92.0907
195.652 167.339
195.486 157.868
97.2233 198.699
104.518 136
7.88316 163.974
45.6467 126.669
196.194 198.072
9.01054 183.439
36.164 196.449
151.85 107.372
8.7779 176.113
22.9533 145.079
134.11 13.9492
145.923 23.1934
161.287 132.805
148.281 173.658
147.651 101.828
122.56 198.199
195.375 160.941
132.286 22.0962
110.931 134.443
159.056 83.0025
145.56 183.03
72.3948 98.9746
126.491 145.705
189.09 121.532
70.054 88.5638
134.523 70.7126
57.5678 98.5828
95.6891 136.014
84.244 135.626
130.038 172.468
170.566 83.1319
173.619 70.6233
123.575 48.4821
133.538 97.9237
57.3866 66.6911
85.6861 8.81725
79.5721 11.4717
133.859 57.2731
109.159 29.6597
148.047 111.222
133.006 110.969
148.93 117.53
148.013 32.7289
145.681 104.256
146.477 107.372
60.9728 170.672
160.379 45.6326
48.8777 132.788
104.497 147.093
147.691 120.657
129.727 142.27
145.331 123.419
126.345 104.206
70.7287 83.7655
139.572 116.96
139.221 145.408
129.326 110.478
154.876 198.665
158.132 47.4753
157.924 197.469
161.246 195.118
146.604 95.8526
129.461 164.555
84.3071 148.613
47.5163 179.845
109.516 26.2698
53.8293 66.8885
34.6488 126.308
167.398 70.8145
41.3524 192.171
170.847 80.0759
138.717 183.067
79.6128 5.1438
73.4066 142.627
92.2814 136.359
73.217 148.493
129.842 70.2953
63.6307 141.857
52.4203 98.1682
140.602 92.4091
148.544 166.419
89.1925 139.176
82.7741 3.49643
60.5313 92.4472
51.3654 70.5664
89.3019 192.199
144.919 178.217
17.2381 129.9
79.8904 119.883
54.5149 52.9302
127.189 57.548
110.434 166.776
148.843 189.956
78.2556 117.705
127.236 23.5974
129.313 26.7799
140.281 23.9288
128.54 29.4088
79.3334 148.387
148.907 141.827
151.926 103.487
195.82 110.894
154.85 110.78
151.16 189.822
166.648 163.636
22.5579 179.669
27.5126 7.35751
189.095 104.208
191.654 198.896
17.4746 133.329
89.5723 123.399
142.548 183.671
191.445 158.117
65.7949 167.18
90.9662 146.425
65.765 163.885
165.191 73.5393
129.662 144.92
161.044 103.9
94.8973 176.119
157.786 116.539
126.483 116.911
115.646 147.914
148.414 183.619
53.8542 1.82456
58.221 167.579
98.3646 185.881
39.0215 26.1426
42.0482 61.3395
70.623 166.749
89.6001 185.146
148.356 178.513
54.7165 7.40488
67.6153 145.393
65.3862 13.9634
105.238 170.34
188.823 107.261
133.758 30.0325
104.444 98.5894
144.776 113.928
32.5538 65.8644
120.178 179.825
53.6125 73.885
134.521 36.1153
7.57453 20.8324
58.9598 64.2087
65.8392 98.6268
79.4204 198.031
33.3066 179.991
158.343 129.43
51.8609 64.5842
157.904 120.302
154.25 57.2656
27.1861 35.7853
138.764 179.83
119.841 189.932
126.979 35.9434
161.446 192.036
161.311 128.188
127.99 17.0241
140.201 113.938
101.251 166.468
60.4661 154.607
179.396 151.173
38.9902 126.43
148.12 159.631
101.49 115.999
126.733 114.488
116.909 121.615
190.591 171.605
132.507 121.628
65.9319 132.468
55.2347 4.45446
66.2609 5.20991
158.683 70.0633
35.7134 36.3716
51.78 129.339
52.2447 154.796
189.949 10.4687
183.31 17.125
85.6448 117.657
70.1778 77.1458
59.0669 14.45
46.0562 191.38
97.4006 111.197
129.413 151.689
148.959 152.525
4.85525 20.0493
153.782 40.8596
188.551 166.94
23.0033 186.341
103.895 91.9891
158.25 39.6706
190.677 45.9032
51.8941 173.987
104.765 141.637
140.902 57.4641
120.706 148.146
110.791 172.417
177.266 167.078
26.714 66.077
111.444 129.466
4.68275 164.06
14.4211 185.858
135.544 142.555
104.098 95.4926
103.701 39.6153
64.7004 170.364
138.978 107.711
97.0115 65.641
94.8941 1.66771
73.1265 78.7326
152.847 73.7578
161.382 148.721
142.002 35.4164
126.04 14.0007
189.006 160.956
161.377 120.132
83.2122 10.4515
66.4503 158.266
53.8455 152.028
98.8802 120.666
70.5851 4.42988
136.238 32.8936
71.9472 19.9076
47.1003 146.643
57.4092 23.0687
57.4886 20.0809
28.3067 71.5863
60.8172 70.3963
45.4644 73.437
198.064 11.0951
72.8114 1.52256
60.47 7.66521
147.413 92.5174
109.298 95.683
72.3837 11.0007
198.157 170.943
173.517 73.2773
109.105 42.0423
157.262 148.943
97.7916 148.33
95.2243 123.398
132.29 88.8263
159.216 57.6301
147.347 98.4922
172.075 163.85
122.837 133.852
60.1776 4.54744
141.965 198.48
126.4 170.707
130.059 160.261
122.977 119.918
157.665 133.514
185.335 167.554
83.7122 197.993
147.78 70.4216
97.1467 8.8873
144.927 195.779
152.011 135.821
21.6786 126.749
134.008 107.71
59.9489 60.9821
70.8666 161.469
196.208 46.3222
46.6724 26.3737
57.8538 164.517
139.8 32.252
138.947 195.38
54.2768 60.3787
107.962 39.2879
101.59 29.5204
85.6317 144.854
127.769 98.8457
8.57555 139.158
126.05 165.917
26.1601 180.202
122.177 57.4382
46.6338 194.887
69.8002 145.262
88.8004 110.554
38.7928 30.1766
64.7998 139.576
151.405 195.356
27.7027 29.9067
160.071 76.8073
27.6428 33.371
179.595 69.7905
3.18686 141.314
5.04036 184.041
51.8599 58.1826
23.2058 140.624
92.2528 132.768
154.279 190.463
198.835 102.625
104.212 128.56
104.028 42.1472
1.40404 167.276
92.7253 178.382
126.214 153.802
57.92 161.487
52.6928 92.5667
66.0896 130.036
140.66 89.578
95.0985 185.148
53.0382 13.6468
66.2449 91.8919
192.377 23.6061
176.707 160.722
66.892 17.2336
60.7262 52.0177
126.951 140.376
97.8025 191.727
160.696 114.105
23.5553 129.556
77.5058 135.684
30.1558 26.3583
157.775 107.895
116.848 57.6944
140.497 101.884
79.3563 145.631
61.3174 138.787
36.3351 189.575
136.239 8.62509
153.235 48.869
157.763 139.494
91.5242 119.861
101.745 121.649
52.1473 126.589
22.8841 133.063
64.8165 84.8097
192.649 152.586
117.175 29.7465
59.6933 11.4872
154.769 104.528
30.118 126.725
139.362 189.544
151.551 127.518
60.8852 73.291
135.698 101.051
92.4852 185.503
145.874 191.833
64.4609 148.216
1.63893 147.866
54.9448 10.5774
157.881 102.221
115.127 184.964
123.866 114.43
182.382 23.9865
66.3882 1.55353
65.8634 88.6002
52.8655 160.71
61.2164 129.139
70.5872 16.6906
96.0585 142.563
197.223 151.665
60.089 17.0985
95.2229 113.96
95.2601 139.474
36.1121 7.51214
148.855 145.959
61.3745 2.0544
9.72917 167.528
147.912 196.815
120.65 183.338
198.96 109.52
136.107 114.298
111.33 148.34
46.1155 29.9851
122.076 29.8942
61.3312 88.5137
139.232 123.908
72.8125 91.7562
71.2864 170.022
161.2 38.5437
132.645 145.023
140.837 104.927
73.9301 85.0865
161.451 73.0296
123.324 95.6115
13.7139 179.699
28.6297 183.954
136.311 4.74122
66.248 127.061
117.361 177.468
102.044 26.5877
115.44 133.711
51.0227 166.697
102.078 129.275
138.916 142.557
15.2258 126.55
98.7462 178.189
161.162 140.839
39.4176 132.396
52.4992 20.763
70.8631 157.924
38.9159 70.0886
8.02789 145.255
72.7469 126.186
86.263 1.24198
41.1714 177.493
60.8988 145.561
142.609 70.1827
129.756 123.946
64.2 10.502
51.0643 16.6925
128.049 101.75
89.0934 63.7904
126.279 160.66
139.286 111.331
89.3487 178.508
141.851 177.21
90.2692 142.705
32.7028 29.8921
64.0124 20.11
40.3666 197.999
138.85 120.786
109.692 98.8579
34.8938 26.3455
59.1615 126.03
95.1929 132.29
101.622 170.806
83.4736 120.4
101.393 133.88
73.6971 14.5661
132.938 17.4922
194.785 40.952
72.4902 133.268
122.879 98.708
111.125 142.091
42.684 184.323
27.1974 176.88
116.768 94.8811
141.981 188.879
116.862 117.098
142.013 140.87
51.0787 163.806
127.011 32.7114
183.948 151.77
182.572 70.4426
146.511 58.0187
141.622 95.0369
191.628 39.2903
90.331 113.624
173.288 45.943
138.681 98.7716
59.7241 57.3645
92.5564 197.93
126.116 89.3318
136.163 26.0209
34.0449 71.8889
58.9824 151.186
182.968 161.431
70.7246 129.562
63.7497 160.61
36.0064 32.7602
165.716 46.6329
104.474 165.472
45.1772 141.272
127.214 107.741
188.785 114.345
46.6894 186.279
52.3581 88.5122
116.593 98.1313
72.5908 163.966
90.2893 116.696
135.277 117.578
114.941 48.0719
157.258 188.829
142.438 147.677
64.6164 77.3081
133.408 104.783
54.467 23.0422
195.086 102.559
4.25047 178.836
154.701 70.3257
