1000 1 200
187.5 25 6.25 12.5
12.5 34.375 12.5 3.125
193.75 50 3.125 12.5
190.625 50 3.125 12.5
37.5 193.75 12.5 3.125
112.5 190.625 12.5 3.125
62.5 3.125 12.5 3.125
193.75 62.5 3.125 12.5
100 109.375 12.5 3.125
112.5 109.375 12.5 3.125
175 162.5 6.25 12.5
0 34.375 12.5 3.125
12.5 81.25 12.5 3.125
75 159.375 12.5 3.125
190.625 62.5 3.125 12.5
187.5 193.75 12.5 3.125
125 159.375 12.5 3.125
25 12.5 12.5 3.125
162.5 75 12.5 6.25
196.875 50 3.125 12.5
187.5 37.5 6.25 12.5
125 175 12.5 6.25
0 184.375 12.5 3.125
87.5 171.875 12.5 3.125
175 37.5 3.125 12.5
112.5 121.875 12.5 3.125
50 175 12.5 6.25
0 87.5 12.5 12.5
87.5 162.5 12.5 6.25
187.5 62.5 3.125 12.5
137.5 75 3.125 12.5
178.125 37.5 3.125 12.5
181.25 37.5 3.125 12.5
75 62.5 6.25 12.5
56.25 12.5 3.125 12.5
25 81.25 12.5 3.125
184.375 37.5 3.125 12.5
175 106.25 12.5 3.125
137.5 196.875 12.5 3.125
125 37.5 6.25 12.5
50 190.625 12.5 3.125
75 75 6.25 12.5
137.5 156.25 12.5 3.125
112.5 196.875 12.5 3.125
12.5 75 12.5 3.125
62.5 9.375 12.5 3.125
50 12.5 6.25 12.5
137.5 162.5 12.5 6.25
25 75 12.5 6.25
12.5 106.25 12.5 3.125
137.5 171.875 12.5 3.125
112.5 150 12.5 6.25
137.5 168.75 12.5 3.125
0 193.75 12.5 3.125
193.75 37.5 6.25 12.5
12.5 28.125 12.5 3.125
137.5 112.5 12.5 3.125
62.5 131.25 12.5 3.125
0 68.75 12.5 6.25
12.5 109.375 12.5 3.125
18.75 162.5 3.125 12.5
25 34.375 12.5 3.125
187.5 131.25 12.5 3.125
0 53.125 12.5 3.125
12.5 78.125 12.5 3.125
87.5 150 12.5 3.125
12.5 121.875 12.5 3.125
0 37.5 12.5 12.5
150 106.25 12.5 3.125
112.5 125 12.5 3.125
187.5 12.5 3.125 12.5
75 184.375 12.5 3.125
37.5 75 12.5 12.5
137.5 150 12.5 6.25
162.5 187.5 12.5 3.125
187.5 125 12.5 6.25
112.5 168.75 12.5 3.125
87.5 153.125 12.5 3.125
112.5 131.25 12.5 6.25
62.5 184.375 12.5 3.125
181.25 125 3.125 12.5
137.5 109.375 12.5 3.125
125 12.5 6.25 12.5
87.5 6.25 12.5 3.125
87.5 106.25 12.5 3.125
87.5 187.5 12.5 3.125
62.5 143.75 12.5 6.25
112.5 181.25 12.5 3.125
50 165.625 12.5 3.125
87.5 25 12.5 12.5
75 175 12.5 6.25
25 184.375 12.5 3.125
12.5 50 12.5 3.125
162.5 175 12.5 3.125
150 112.5 12.5 3.125
37.5 12.5 12.5 6.25
162.5 87.5 12.5 12.5
62.5 112.5 12.5 3.125
0 56.25 12.5 3.125
0 59.375 12.5 3.125
187.5 150 12.5 3.125
37.5 21.875 12.5 3.125
100 175 12.5 6.25
62.5 115.625 12.5 3.125
62.5 12.5 12.5 12.5
175 137.5 3.125 12.5
106.25 25 3.125 12.5
187.5 75 3.125 12.5
193.75 137.5 3.125 12.5
125 193.75 12.5 3.125
12.5 190.625 12.5 3.125
25 121.875 12.5 3.125
37.5 137.5 12.5 3.125
100 37.5 12.5 12.5
25 87.5 12.5 12.5
37.5 25 12.5 6.25
84.375 75 3.125 12.5
100 25 6.25 12.5
181.25 137.5 3.125 12.5
100 100 12.5 3.125
162.5 159.375 12.5 3.125
187.5 137.5 6.25 12.5
175 187.5 12.5 3.125
87.5 143.75 12.5 6.25
100 12.5 3.125 12.5
87.5 100 12.5 3.125
187.5 109.375 12.5 3.125
87.5 137.5 12.5 6.25
0 112.5 12.5 3.125
165.625 0 3.125 12.5
162.5 0 3.125 12.5
184.375 50 3.125 12.5
25 62.5 12.5 12.5
75 25 12.5 12.5
162.5 118.75 12.5 3.125
75 193.75 12.5 3.125
100 181.25 12.5 3.125
50 140.625 12.5 3.125
150 37.5 12.5 12.5
150 87.5 3.125 12.5
12.5 18.75 12.5 3.125
50 137.5 12.5 3.125
100 193.75 12.5 3.125
37.5 18.75 12.5 3.125
50 143.75 12.5 6.25
12.5 21.875 12.5 3.125
162.5 162.5 12.5 12.5
175 121.875 12.5 3.125
50 118.75 12.5 3.125
75 106.25 12.5 3.125
125 190.625 12.5 3.125
175 50 3.125 12.5
150 109.375 12.5 3.125
112.5 25 12.5 12.5
81.25 87.5 3.125 12.5
12.5 12.5 12.5 6.25
137.5 181.25 12.5 3.125
50 106.25 12.5 3.125
50 100 12.5 3.125
178.125 50 3.125 12.5
75 118.75 12.5 3.125
109.375 0 3.125 12.5
181.25 50 3.125 12.5
137.5 115.625 12.5 3.125
106.25 0 3.125 12.5
103.125 0 3.125 12.5
37.5 103.125 12.5 3.125
100 0 3.125 12.5
75 143.75 12.5 6.25
162.5 150 12.5 3.125
37.5 162.5 12.5 12.5
162.5 153.125 12.5 3.125
75 137.5 12.5 6.25
100 62.5 3.125 12.5
87.5 87.5 3.125 12.5
87.5 121.875 12.5 3.125
125 0 6.25 12.5
162.5 156.25 12.5 3.125
25 37.5 12.5 12.5
190.625 75 3.125 12.5
87.5 103.125 12.5 3.125
75 3.125 12.5 3.125
137.5 25 3.125 12.5
162.5 125 12.5 12.5
140.625 12.5 3.125 12.5
12.5 137.5 12.5 3.125
62.5 162.5 12.5 3.125
93.75 62.5 3.125 12.5
87.5 0 12.5 3.125
62.5 50 12.5 12.5
150 125 12.5 12.5
146.875 25 3.125 12.5
162.5 121.875 12.5 3.125
75 100 12.5 3.125
100 187.5 12.5 3.125
50 156.25 12.5 6.25
187.5 115.625 12.5 3.125
0 196.875 12.5 3.125
50 25 12.5 12.5
125 121.875 12.5 3.125
25 118.75 12.5 3.125
165.625 25 3.125 12.5
178.125 137.5 3.125 12.5
37.5 187.5 12.5 3.125
37.5 100 12.5 3.125
162.5 25 3.125 12.5
153.125 75 3.125 12.5
37.5 115.625 12.5 3.125
150 75 3.125 12.5
100 112.5 12.5 3.125
0 131.25 12.5 6.25
75 190.625 12.5 3.125
150 25 12.5 12.5
87.5 196.875 12.5 3.125
50 168.75 12.5 3.125
150 0 12.5 12.5
175 175 12.5 6.25
137.5 87.5 6.25 12.5
137.5 103.125 12.5 3.125
112.5 12.5 12.5 12.5
162.5 100 12.5 3.125
62.5 25 6.25 12.5
25 156.25 12.5 6.25
56.25 50 6.25 12.5
25 150 12.5 6.25
150 50 6.25 12.5
62.5 193.75 12.5 3.125
12.5 103.125 12.5 3.125
25 162.5 12.5 12.5
131.25 12.5 6.25 12.5
50 50 3.125 12.5
143.75 50 6.25 12.5
125 181.25 12.5 3.125
175 112.5 12.5 3.125
25 112.5 12.5 3.125
96.875 62.5 3.125 12.5
37.5 181.25 12.5 3.125
50 150 12.5 3.125
178.125 75 3.125 12.5
140.625 25 3.125 12.5
143.75 25 3.125 12.5
175 75 3.125 12.5
137.5 184.375 12.5 3.125
128.125 75 3.125 12.5
143.75 75 6.25 12.5
53.125 50 3.125 12.5
150 115.625 12.5 3.125
125 106.25 12.5 3.125
187.5 162.5 12.5 12.5
37.5 196.875 12.5 3.125
162.5 103.125 12.5 3.125
62.5 153.125 12.5 3.125
62.5 87.5 6.25 12.5
68.75 25 3.125 12.5
131.25 50 6.25 12.5
50 171.875 12.5 3.125
50 103.125 12.5 3.125
87.5 50 3.125 12.5
68.75 75 6.25 12.5
12.5 100 12.5 3.125
25 128.125 12.5 3.125
168.75 25 3.125 12.5
100 106.25 12.5 3.125
53.125 75 3.125 12.5
121.875 50 3.125 12.5
37.5 31.25 12.5 3.125
162.5 196.875 12.5 3.125
187.5 103.125 12.5 3.125
118.75 50 3.125 12.5
75 109.375 12.5 3.125
175 118.75 12.5 3.125
87.5 75 3.125 12.5
125 25 12.5 12.5
25 190.625 12.5 3.125
87.5 181.25 12.5 3.125
125 50 3.125 12.5
100 115.625 12.5 3.125
0 140.625 12.5 3.125
128.125 50 3.125 12.5
143.75 0 3.125 12.5
87.5 37.5 12.5 12.5
171.875 37.5 3.125 12.5
112.5 137.5 12.5 12.5
90.625 87.5 3.125 12.5
118.75 75 6.25 12.5
50 121.875 12.5 3.125
125 118.75 12.5 3.125
184.375 75 3.125 12.5
146.875 0 3.125 12.5
125 187.5 12.5 3.125
71.875 37.5 3.125 12.5
25 0 12.5 3.125
137.5 0 3.125 12.5
162.5 184.375 12.5 3.125
50 187.5 12.5 3.125
25 6.25 12.5 3.125
75 168.75 12.5 3.125
75 9.375 12.5 3.125
187.5 184.375 12.5 3.125
125 140.625 12.5 3.125
125 137.5 12.5 3.125
90.625 62.5 3.125 12.5
103.125 50 3.125 12.5
100 50 3.125 12.5
168.75 0 3.125 12.5
125 134.375 12.5 3.125
0 146.875 12.5 3.125
140.625 0 3.125 12.5
12.5 115.625 12.5 3.125
150 190.625 12.5 3.125
50 75 3.125 12.5
112.5 162.5 12.5 3.125
156.25 87.5 6.25 12.5
137.5 146.875 12.5 3.125
131.25 87.5 6.25 12.5
112.5 87.5 3.125 12.5
115.625 87.5 3.125 12.5
50 6.25 12.5 3.125
62.5 140.625 12.5 3.125
162.5 50 12.5 12.5
37.5 3.125 12.5 3.125
125 143.75 12.5 3.125
0 0 12.5 3.125
184.375 0 3.125 12.5
187.5 100 12.5 3.125
112.5 50 6.25 12.5
159.375 50 3.125 12.5
18.75 150 6.25 12.5
156.25 50 3.125 12.5
140.625 50 3.125 12.5
37.5 50 12.5 6.25
137.5 131.25 12.5 3.125
50 131.25 12.5 6.25
137.5 50 3.125 12.5
115.625 75 3.125 12.5
181.25 87.5 3.125 12.5
112.5 75 3.125 12.5
131.25 75 6.25 12.5
37.5 9.375 12.5 3.125
62.5 181.25 12.5 3.125
187.5 156.25 12.5 3.125
187.5 181.25 12.5 3.125
0 125 12.5 3.125
187.5 0 6.25 12.5
125 75 3.125 12.5
96.875 87.5 3.125 12.5
93.75 87.5 3.125 12.5
181.25 12.5 3.125 12.5
175 196.875 12.5 3.125
100 75 6.25 12.5
25 125 12.5 3.125
0 128.125 12.5 3.125
75 125 12.5 12.5
106.25 50 3.125 12.5
187.5 153.125 12.5 3.125
12.5 143.75 12.5 3.125
0 6.25 12.5 3.125
109.375 50 3.125 12.5
50 109.375 12.5 3.125
100 165.625 12.5 3.125
100 162.5 12.5 3.125
100 150 12.5 12.5
12.5 3.125 12.5 3.125
87.5 112.5 12.5 3.125
100 184.375 12.5 3.125
56.25 75 3.125 12.5
12.5 9.375 12.5 3.125
25 56.25 12.5 3.125
25 50 12.5 6.25
193.75 0 6.25 12.5
112.5 103.125 12.5 3.125
187.5 159.375 12.5 3.125
25 131.25 12.5 3.125
150 175 12.5 6.25
193.75 75 3.125 12.5
25 59.375 12.5 3.125
12.5 162.5 6.25 12.5
87.5 12.5 12.5 12.5
62.5 125 12.5 6.25
137.5 100 12.5 3.125
196.875 75 3.125 12.5
112.5 184.375 12.5 3.125
50 0 12.5 3.125
25 134.375 12.5 3.125
0 181.25 12.5 3.125
25 109.375 12.5 3.125
100 168.75 12.5 6.25
171.875 12.5 3.125 12.5
125 128.125 12.5 3.125
0 150 12.5 12.5
87.5 115.625 12.5 3.125
50 196.875 12.5 3.125
175 0 6.25 12.5
59.375 75 3.125 12.5
12.5 187.5 12.5 3.125
25 106.25 12.5 3.125
125 100 12.5 3.125
37.5 106.25 12.5 3.125
109.375 75 3.125 12.5
125 125 12.5 3.125
0 187.5 12.5 3.125
106.25 75 3.125 12.5
50 125 12.5 6.25
137.5 125 12.5 3.125
171.875 0 3.125 12.5
0 118.75 12.5 3.125
75 115.625 12.5 3.125
75 12.5 12.5 12.5
25 143.75 12.5 6.25
12.5 150 6.25 12.5
175 12.5 6.25 12.5
37.5 109.375 12.5 3.125
56.25 87.5 3.125 12.5
50 181.25 12.5 3.125
25 137.5 12.5 6.25
181.25 0 3.125 12.5
75 112.5 12.5 3.125
175 159.375 12.5 3.125
62.5 196.875 12.5 3.125
137.5 128.125 12.5 3.125
100 103.125 12.5 3.125
0 9.375 12.5 3.125
0 162.5 12.5 12.5
93.75 75 3.125 12.5
37.5 56.25 12.5 3.125
175 153.125 12.5 3.125
12.5 181.25 12.5 3.125
0 3.125 12.5 3.125
37.5 131.25 12.5 3.125
196.875 87.5 3.125 12.5
193.75 87.5 3.125 12.5
156.25 75 6.25 12.5
62.5 137.5 12.5 3.125
175 181.25 12.5 3.125
109.375 62.5 3.125 12.5
175 100 12.5 3.125
125 87.5 3.125 12.5
87.5 125 12.5 12.5
100 87.5 6.25 12.5
25 3.125 12.5 3.125
103.125 62.5 3.125 12.5
125 103.125 12.5 3.125
112.5 62.5 6.25 12.5
159.375 62.5 3.125 12.5
50 87.5 3.125 12.5
137.5 143.75 12.5 3.125
62.5 6.25 12.5 3.125
175 184.375 12.5 3.125
168.75 37.5 3.125 12.5
0 115.625 12.5 3.125
37.5 6.25 12.5 3.125
100 137.5 12.5 12.5
184.375 87.5 3.125 12.5
150 184.375 12.5 3.125
146.875 12.5 3.125 12.5
37.5 0 12.5 3.125
53.125 87.5 3.125 12.5
175 103.125 12.5 3.125
128.125 62.5 3.125 12.5
75 181.25 12.5 3.125
121.875 62.5 3.125 12.5
125 62.5 3.125 12.5
118.75 62.5 3.125 12.5
0 100 12.5 3.125
112.5 193.75 12.5 3.125
87.5 62.5 3.125 12.5
131.25 62.5 6.25 12.5
150 100 12.5 3.125
128.125 87.5 3.125 12.5
125 184.375 12.5 3.125
143.75 87.5 6.25 12.5
96.875 50 3.125 12.5
187.5 175 12.5 6.25
131.25 0 6.25 12.5
62.5 150 12.5 3.125
150 121.875 12.5 3.125
62.5 37.5 6.25 12.5
150 62.5 6.25 12.5
37.5 156.25 12.5 6.25
75 196.875 12.5 3.125
62.5 118.75 12.5 3.125
153.125 87.5 3.125 12.5
37.5 118.75 12.5 3.125
25 196.875 12.5 3.125
150 137.5 12.5 12.5
75 37.5 12.5 12.5
146.875 37.5 3.125 12.5
150 162.5 12.5 12.5
162.5 109.375 12.5 3.125
175 109.375 12.5 3.125
103.125 12.5 3.125 12.5
75 121.875 12.5 3.125
62.5 106.25 12.5 3.125
125 115.625 12.5 3.125
62.5 100 12.5 3.125
25 103.125 12.5 3.125
150 193.75 12.5 3.125
0 143.75 12.5 3.125
62.5 0 12.5 3.125
96.875 75 3.125 12.5
125 146.875 12.5 3.125
37.5 59.375 12.5 3.125
125 131.25 12.5 3.125
181.25 75 3.125 12.5
112.5 165.625 12.5 3.125
12.5 6.25 12.5 3.125
137.5 62.5 3.125 12.5
137.5 137.5 12.5 3.125
37.5 128.125 12.5 3.125
175 156.25 12.5 3.125
106.25 62.5 3.125 12.5
37.5 125 12.5 3.125
25 9.375 12.5 3.125
0 137.5 12.5 3.125
140.625 62.5 3.125 12.5
12.5 0 12.5 3.125
156.25 62.5 3.125 12.5
62.5 75 6.25 12.5
162.5 62.5 12.5 12.5
90.625 75 3.125 12.5
25 115.625 12.5 3.125
137.5 140.625 12.5 3.125
62.5 187.5 12.5 3.125
62.5 121.875 12.5 3.125
90.625 50 3.125 12.5
71.875 25 3.125 12.5
137.5 12.5 3.125 12.5
171.875 25 3.125 12.5
50 153.125 12.5 3.125
118.75 87.5 6.25 12.5
112.5 115.625 12.5 3.125
143.75 12.5 3.125 12.5
25 187.5 12.5 3.125
87.5 109.375 12.5 3.125
150 103.125 12.5 3.125
150 196.875 12.5 3.125
62.5 103.125 12.5 3.125
68.75 37.5 3.125 12.5
143.75 37.5 3.125 12.5
150 12.5 12.5 12.5
0 103.125 12.5 3.125
25 181.25 12.5 3.125
137.5 106.25 12.5 3.125
162.5 115.625 12.5 3.125
112.5 0 12.5 12.5
140.625 37.5 3.125 12.5
143.75 62.5 6.25 12.5
93.75 50 3.125 12.5
50 193.75 12.5 3.125
37.5 150 12.5 6.25
25 100 12.5 3.125
75 0 12.5 3.125
162.5 37.5 3.125 12.5
50 37.5 12.5 12.5
162.5 137.5 12.5 12.5
165.625 37.5 3.125 12.5
175 115.625 12.5 3.125
12.5 196.875 12.5 3.125
50 162.5 12.5 3.125
0 12.5 12.5 6.25
137.5 37.5 3.125 12.5
106.25 12.5 3.125 12.5
75 103.125 12.5 3.125
81.25 75 3.125 12.5
109.375 12.5 3.125 12.5
87.5 118.75 12.5 3.125
118.75 37.5 6.25 3.125
168.75 190.625 6.25 3.125
56.25 68.75 3.125 6.25
193.75 18.75 6.25 6.25
187.5 56.25 3.125 6.25
6.25 190.625 6.25 3.125
81.25 162.5 6.25 3.125
75 56.25 6.25 6.25
112.5 187.5 6.25 3.125
37.5 93.75 6.25 6.25
37.5 112.5 6.25 3.125
118.75 40.625 6.25 3.125
125 153.125 6.25 3.125
175 31.25 3.125 6.25
75 150 6.25 3.125
43.75 34.375 6.25 3.125
112.5 112.5 6.25 3.125
81.25 56.25 3.125 6.25
62.5 68.75 6.25 6.25
18.75 71.875 6.25 3.125
187.5 112.5 6.25 3.125
106.25 131.25 6.25 3.125
50 9.375 6.25 3.125
106.25 118.75 6.25 3.125
178.125 87.5 3.125 6.25
193.75 106.25 6.25 3.125
150 181.25 6.25 3.125
125 150 6.25 3.125
162.5 81.25 6.25 6.25
175 193.75 6.25 3.125
12.5 184.375 6.25 3.125
31.25 84.375 6.25 3.125
62.5 175 6.25 3.125
187.5 50 3.125 6.25
59.375 12.5 3.125 6.25
100 131.25 6.25 3.125
37.5 190.625 6.25 3.125
12.5 68.75 6.25 3.125
112.5 100 6.25 3.125
112.5 37.5 6.25 3.125
112.5 156.25 6.25 6.25
68.75 134.375 6.25 3.125
137.5 118.75 6.25 3.125
175 25 3.125 6.25
21.875 162.5 3.125 6.25
81.25 50 3.125 6.25
150 159.375 6.25 3.125
25 178.125 6.25 3.125
18.75 37.5 3.125 6.25
12.5 37.5 6.25 6.25
25 175 6.25 3.125
37.5 62.5 3.125 6.25
187.5 187.5 6.25 3.125
87.5 168.75 6.25 3.125
184.375 125 3.125 6.25
68.75 168.75 6.25 3.125
62.5 109.375 6.25 3.125
75 50 6.25 6.25
12.5 175 6.25 3.125
37.5 143.75 6.25 6.25
150 156.25 6.25 3.125
37.5 37.5 3.125 6.25
187.5 118.75 6.25 3.125
37.5 178.125 6.25 3.125
150 150 6.25 3.125
75 156.25 6.25 3.125
75 187.5 6.25 3.125
137.5 190.625 6.25 3.125
184.375 137.5 3.125 6.25
87.5 159.375 6.25 3.125
125 171.875 6.25 3.125
118.75 118.75 6.25 3.125
193.75 25 6.25 6.25
43.75 178.125 6.25 3.125
187.5 196.875 6.25 3.125
43.75 175 6.25 3.125
162.5 193.75 6.25 3.125
106.25 190.625 6.25 3.125
118.75 175 6.25 6.25
181.25 31.25 3.125 6.25
46.875 93.75 3.125 6.25
12.5 43.75 6.25 6.25
100 125 6.25 3.125
0 62.5 6.25 6.25
81.25 68.75 3.125 6.25
18.75 68.75 6.25 3.125
0 121.875 6.25 3.125
87.5 184.375 6.25 3.125
12.5 84.375 6.25 3.125
0 50 6.25 3.125
75 171.875 6.25 3.125
12.5 59.375 6.25 3.125
25 84.375 6.25 3.125
50 112.5 6.25 3.125
56.25 62.5 3.125 6.25
43.75 190.625 6.25 3.125
143.75 118.75 6.25 3.125
37.5 34.375 6.25 3.125
187.5 134.375 6.25 3.125
43.75 87.5 3.125 6.25
84.375 62.5 3.125 6.25
40.625 62.5 3.125 6.25
181.25 25 3.125 6.25
75 165.625 6.25 3.125
162.5 181.25 6.25 3.125
150 153.125 6.25 3.125
190.625 93.75 3.125 6.25
37.5 68.75 3.125 6.25
125 156.25 6.25 3.125
112.5 175 6.25 6.25
0 18.75 6.25 3.125
75 162.5 6.25 3.125
0 84.375 6.25 3.125
43.75 184.375 6.25 3.125
0 78.125 6.25 3.125
196.875 62.5 3.125 6.25
100 134.375 6.25 3.125
50 184.375 6.25 3.125
68.75 178.125 6.25 3.125
62.5 165.625 6.25 3.125
184.375 62.5 3.125 6.25
175 150 6.25 3.125
56.25 112.5 6.25 3.125
106.25 121.875 6.25 3.125
84.375 50 3.125 6.25
112.5 106.25 6.25 3.125
193.75 12.5 6.25 6.25
162.5 112.5 6.25 3.125
137.5 193.75 6.25 3.125
43.75 62.5 6.25 6.25
84.375 87.5 3.125 6.25
25 31.25 6.25 3.125
40.625 68.75 3.125 6.25
118.75 100 6.25 3.125
143.75 175 6.25 6.25
12.5 178.125 6.25 3.125
140.625 75 3.125 6.25
196.875 137.5 3.125 6.25
162.5 178.125 6.25 3.125
106.25 93.75 3.125 6.25
43.75 37.5 6.25 6.25
137.5 187.5 6.25 3.125
18.75 193.75 6.25 3.125
184.375 18.75 3.125 6.25
156.25 181.25 6.25 3.125
25 18.75 6.25 3.125
18.75 31.25 6.25 3.125
168.75 181.25 6.25 3.125
109.375 25 3.125 6.25
175 87.5 3.125 6.25
93.75 184.375 6.25 3.125
18.75 118.75 6.25 3.125
162.5 18.75 3.125 6.25
109.375 93.75 3.125 6.25
6.25 18.75 6.25 3.125
168.75 12.5 3.125 6.25
18.75 175 6.25 3.125
143.75 187.5 6.25 3.125
178.125 131.25 3.125 6.25
31.25 21.875 6.25 3.125
118.75 106.25 6.25 3.125
190.625 18.75 3.125 6.25
6.25 175 6.25 3.125
81.25 153.125 6.25 3.125
84.375 68.75 3.125 6.25
131.25 43.75 6.25 6.25
118.75 156.25 6.25 6.25
31.25 31.25 6.25 3.125
68.75 165.625 6.25 3.125
168.75 81.25 6.25 6.25
68.75 171.875 6.25 3.125
18.75 59.375 6.25 3.125
6.25 121.875 6.25 3.125
131.25 109.375 6.25 3.125
6.25 62.5 6.25 6.25
106.25 134.375 6.25 3.125
143.75 121.875 6.25 3.125
106.25 125 6.25 3.125
181.25 190.625 6.25 3.125
68.75 87.5 6.25 6.25
68.75 93.75 6.25 6.25
6.25 109.375 6.25 3.125
43.75 68.75 6.25 6.25
168.75 112.5 6.25 3.125
125 112.5 6.25 3.125
100 128.125 6.25 3.125
193.75 196.875 6.25 3.125
6.25 106.25 6.25 3.125
81.25 6.25 6.25 3.125
184.375 143.75 3.125 6.25
193.75 118.75 6.25 3.125
196.875 143.75 3.125 6.25
156.25 156.25 6.25 3.125
43.75 134.375 6.25 3.125
18.75 93.75 6.25 3.125
156.25 159.375 6.25 3.125
18.75 125 6.25 3.125
6.25 178.125 6.25 3.125
56.25 115.625 6.25 3.125
143.75 134.375 6.25 3.125
18.75 56.25 6.25 3.125
193.75 134.375 6.25 3.125
131.25 196.875 6.25 3.125
93.75 193.75 6.25 3.125
56.25 184.375 6.25 3.125
193.75 31.25 6.25 6.25
50 68.75 3.125 6.25
56.25 9.375 6.25 3.125
178.125 93.75 3.125 6.25
81.25 150 6.25 3.125
43.75 112.5 6.25 3.125
131.25 153.125 6.25 3.125
93.75 9.375 6.25 3.125
140.625 81.25 3.125 6.25
68.75 156.25 6.25 6.25
93.75 3.125 6.25 3.125
106.25 128.125 6.25 3.125
178.125 68.75 3.125 6.25
93.75 168.75 6.25 3.125
187.5 121.875 6.25 3.125
131.25 168.75 6.25 3.125
181.25 62.5 3.125 6.25
131.25 165.625 6.25 3.125
0 28.125 6.25 3.125
6.25 31.25 6.25 3.125
175 190.625 6.25 3.125
68.75 68.75 3.125 6.25
59.375 62.5 3.125 6.25
21.875 43.75 3.125 6.25
84.375 56.25 3.125 6.25
75 93.75 6.25 6.25
184.375 162.5 3.125 6.25
168.75 106.25 6.25 3.125
196.875 68.75 3.125 6.25
100 118.75 6.25 3.125
181.25 162.5 3.125 6.25
62.5 178.125 6.25 3.125
12.5 140.625 6.25 3.125
12.5 71.875 6.25 3.125
131.25 37.5 6.25 6.25
112.5 43.75 6.25 3.125
0 190.625 6.25 3.125
37.5 175 6.25 3.125
62.5 62.5 6.25 6.25
21.875 37.5 3.125 6.25
31.25 15.625 6.25 3.125
184.375 25 3.125 6.25
112.5 128.125 6.25 3.125
125 196.875 6.25 3.125
37.5 87.5 6.25 6.25
12.5 146.875 6.25 3.125
12.5 128.125 6.25 3.125
187.5 87.5 3.125 6.25
37.5 140.625 6.25 3.125
112.5 118.75 6.25 3.125
75 6.25 6.25 3.125
43.75 43.75 6.25 6.25
12.5 131.25 6.25 6.25
6.25 81.25 6.25 3.125
0 25 6.25 3.125
190.625 87.5 3.125 6.25
93.75 175 6.25 6.25
87.5 190.625 6.25 3.125
118.75 46.875 6.25 3.125
68.75 175 6.25 3.125
25 15.625 6.25 3.125
68.75 62.5 3.125 6.25
137.5 134.375 6.25 3.125
12.5 53.125 6.25 3.125
137.5 159.375 6.25 3.125
0 178.125 6.25 3.125
87.5 175 6.25 6.25
6.25 75 6.25 3.125
37.5 134.375 6.25 3.125
162.5 12.5 3.125 6.25
12.5 31.25 6.25 3.125
18.75 62.5 6.25 6.25
12.5 25 6.25 3.125
12.5 112.5 6.25 3.125
18.75 87.5 6.25 6.25
81.25 165.625 6.25 3.125
37.5 121.875 6.25 3.125
109.375 31.25 3.125 6.25
112.5 171.875 6.25 3.125
125 165.625 6.25 3.125
81.25 156.25 6.25 3.125
137.5 121.875 6.25 3.125
31.25 175 6.25 3.125
12.5 93.75 6.25 3.125
81.25 62.5 3.125 6.25
181.25 193.75 6.25 3.125
184.375 12.5 3.125 6.25
37.5 184.375 6.25 3.125
18.75 43.75 3.125 6.25
100 121.875 6.25 3.125
50 62.5 3.125 6.25
18.75 131.25 6.25 6.25
81.25 187.5 6.25 3.125
56.25 3.125 6.25 3.125
175 131.25 3.125 6.25
31.25 25 6.25 6.25
118.75 171.875 6.25 3.125
18.75 84.375 6.25 3.125
68.75 109.375 6.25 3.125
184.375 68.75 3.125 6.25
143.75 193.75 6.25 3.125
193.75 121.875 6.25 3.125
156.25 187.5 6.25 3.125
59.375 93.75 3.125 6.25
71.875 68.75 3.125 6.25
6.25 84.375 6.25 3.125
175 68.75 3.125 6.25
93.75 159.375 6.25 3.125
31.25 18.75 6.25 3.125
0 109.375 6.25 3.125
156.25 150 6.25 3.125
18.75 128.125 6.25 3.125
181.25 150 6.25 3.125
184.375 131.25 3.125 6.25
31.25 178.125 6.25 3.125
37.5 43.75 3.125 6.25
93.75 190.625 6.25 3.125
118.75 187.5 6.25 3.125
175 93.75 3.125 6.25
131.25 112.5 6.25 3.125
18.75 112.5 6.25 3.125
18.75 25 6.25 3.125
168.75 18.75 3.125 6.25
181.25 68.75 3.125 6.25
43.75 121.875 6.25 3.125
178.125 62.5 3.125 6.25
40.625 43.75 3.125 6.25
0 75 6.25 3.125
178.125 31.25 3.125 6.25
75 153.125 6.25 3.125
118.75 43.75 6.25 3.125
50 3.125 6.25 3.125
137.5 175 6.25 6.25
87.5 193.75 6.25 3.125
62.5 190.625 6.25 3.125
75 87.5 6.25 6.25
53.125 68.75 3.125 6.25
162.5 190.625 6.25 3.125
178.125 25 3.125 6.25
46.875 87.5 3.125 6.25
62.5 156.25 6.25 6.25
150 118.75 6.25 3.125
87.5 156.25 6.25 3.125
165.625 12.5 3.125 6.25
131.25 162.5 6.25 3.125
87.5 9.375 6.25 3.125
125 109.375 6.25 3.125
68.75 190.625 6.25 3.125
112.5 40.625 6.25 3.125
50 115.625 6.25 3.125
12.5 125 6.25 3.125
193.75 112.5 6.25 3.125
125 168.75 6.25 3.125
175 62.5 3.125 6.25
18.75 96.875 6.25 3.125
53.125 62.5 3.125 6.25
12.5 96.875 6.25 3.125
12.5 56.25 6.25 3.125
187.5 93.75 3.125 6.25
25 193.75 6.25 3.125
71.875 62.5 3.125 6.25
112.5 46.875 6.25 3.125
0 106.25 6.25 3.125
193.75 190.625 6.25 3.125
21.875 168.75 3.125 6.25
118.75 128.125 6.25 3.125
143.75 190.625 6.25 3.125
18.75 140.625 6.25 3.125
43.75 143.75 6.25 6.25
59.375 68.75 3.125 6.25
168.75 193.75 6.25 3.125
43.75 140.625 6.25 3.125
31.25 193.75 6.25 3.125
18.75 53.125 6.25 3.125
143.75 159.375 6.25 3.125
6.25 21.875 6.25 3.125
165.625 18.75 3.125 6.25
6.25 50 6.25 3.125
6.25 28.125 6.25 3.125
84.375 93.75 3.125 6.25
87.5 3.125 6.25 3.125
184.375 31.25 3.125 6.25
150 187.5 6.25 3.125
181.25 168.75 3.125 6.25
25 21.875 6.25 3.125
12.5 87.5 6.25 6.25
0 175 6.25 3.125
12.5 62.5 6.25 6.25
12.5 118.75 6.25 3.125
131.25 156.25 6.25 3.125
62.5 168.75 6.25 3.125
162.5 106.25 6.25 3.125
190.625 12.5 3.125 6.25
0 21.875 6.25 3.125
81.25 171.875 6.25 3.125
175 125 3.125 6.25
93.75 156.25 6.25 3.125
109.375 87.5 3.125 6.25
0 81.25 6.25 3.125
131.25 150 6.25 3.125
43.75 93.75 3.125 6.25
118.75 112.5 6.25 3.125
18.75 146.875 6.25 3.125
6.25 25 6.25 3.125
168.75 178.125 6.25 3.125
18.75 178.125 6.25 3.125
131.25 171.875 6.25 3.125
59.375 87.5 3.125 6.25
18.75 184.375 6.25 3.125
62.5 134.375 6.25 3.125
6.25 78.125 6.25 3.125
187.5 190.625 6.25 3.125
193.75 187.5 6.25 3.125
106.25 87.5 3.125 6.25
0 31.25 6.25 3.125
40.625 37.5 3.125 6.25
156.25 153.125 6.25 3.125
59.375 18.75 3.125 6.25
184.375 168.75 3.125 6.25
106.25 196.875 6.25 3.125
62.5 171.875 6.25 3.125
125 162.5 6.25 3.125
187.5 106.25 6.25 3.125
25 25 6.25 6.25
100 196.875 6.25 3.125
156.25 118.75 6.25 3.125
100 190.625 6.25 3.125
178.125 125 3.125 6.25
12.5 193.75 6.25 3.125
