1000 1 200
190.939 33.6184
19.5217 36.4318
194.868 51.3071
191.924 55.0466
46.5056 194.874
118.828 192.671
71.5931 4.44572
195.178 70.215
109.548 110.943
119.299 110.62
177.345 167.23
8.93097 35.6911
18.2058 82.5441
76.7565 161.243
191.858 70.6823
188.72 194.968
127.16 161.257
28.0813 13.594
167.586 78.9422
197.995 60.9279
191.423 40.5816
132.578 178.906
7.10243 186.47
95.5192 173.13
176.283 41.742
115.781 123.831
57.2904 180.174
10.1275 95.9386
94.3727 165.137
189.31 71.8106
139.527 83.464
179.276 44.6012
182.968 38.5047
78.1158 64.6967
58.0565 23.0182
33.0613 83.2949
185.489 48.8101
184.238 107.415
144.107 198.152
126.322 40.2691
55.0124 192.447
77.3638 81.9894
141.936 157.341
114.986 198.139
22.0522 76.7587
70.6179 11.0902
51.6896 23.3468
145.109 165.196
29.6359 76.7196
15.1523 107.394
145.174 173.22
115.783 151.959
142.067 169.808
4.41998 194.821
195.465 45.3676
23.7259 29.8469
144.061 114.535
63.8396 133.273
11.1606 71.373
20.0475 110.933
20.8498 165.082
28.9982 36.3584
197.331 132.366
1.74103 54.9824
17.5653 80.1938
97.8947 151.345
23.1067 123.341
3.13551 41.7917
154.947 107.251
116.627 126.38
188.784 20.3072
83.0576 185.563
48.6533 78.4175
144.46 153.788
167.615 189.535
189.76 127.121
114.996 170.227
89.5592 154.459
118.361 132.648
72.0574 185.718
183.058 126.157
139.889 110.485
129.745 13.6525
96.855 8.19596
96.2579 107.346
94.2635 188.774
70.6605 148.44
117.953 183.266
55.6982 167.604
98.4696 30.4435
86.115 179.793
26.8687 186.261
15.8732 51.495
170.438 177.101
158.789 114.457
46.578 14.1099
173.608 90.3998
69.9307 114.005
5.20583 57.8618
9.2824 61.2292
188.798 152.048
38.7391 23.0728
109.06 177.532
70.3189 117.341
67.2674 22.8129
176.239 145.402
107.945 30.0069
189.032 81.6223
195.335 142.124
129.131 195.18
13.6953 192.188
28.0242 123.055
47.2177 138.902
104.626 40.7296
35.6273 88.9774
42.7954 29.6234
85.9526 83.7617
103.853 29.1972
183.026 146.967
109.32 101.928
163.504 161.265
192.146 146.954
180.599 189.6
98.6909 147.802
101.802 20.2088
89.2889 101.452
197.885 110.99
90.7811 138.696
5.38409 114.557
167.125 2.95785
164.608 3.01677
185.77 54.6578
29.5256 64.2414
79.9628 35.8793
167.996 120.404
77.2447 194.943
106.089 182.705
59.2606 142.224
151.293 48.817
151.186 97.9783
18.6888 20.3899
59.6949 139.195
108.531 195.312
41.1857 20.7564
57.1988 146.198
20.9708 23.0014
166.914 172.629
182.556 123.711
54.6843 120.08
83.1329 107.312
128.532 191.854
176.001 59.3858
159.482 111.021
119.915 26.8632
83.2092 98.2694
20.0986 13.5508
146.265 182.741
56.966 107.292
59.8445 101.296
180.244 54.4366
84.3538 120.723
110.51 6.62726
182.541 57.8494
140.044 117.646
108.092 10.4121
105.171 9.72843
41.5881 104.665
101.426 3.54736
82.03 148.467
164.181 151.152
39.6803 171.168
168.595 154.453
79.455 138.843
101.644 73.2941
89.349 89.5754
93.6136 123.584
126.298 6.08368
163.536 158.222
30.4599 44.6425
191.765 81.0209
89.8602 104.807
79.8744 5.01573
139.089 29.4626
168.016 129.702
141.958 19.4098
23.0907 138.7
66.623 164.547
94.8595 71.8262
97.0872 1.9187
63.8943 51.0911
160.082 131.593
148.544 33.2172
172.887 122.886
84.6748 101.569
103.589 188.628
51.5802 160.606
197.743 117.446
1.73708 198.153
55.4406 29.6823
131.808 123.867
31.9115 119.758
167.349 30.5189
179.395 144.095
48.6751 189.233
48.3164 101.429
164.448 34.8345
154.685 84.6094
40.2899 116.932
151.046 81.658
110.284 113.546
6.36028 133.238
79.0083 191.739
151.062 30.5894
96.3598 198.263
59.9563 170.615
152.846 3.54285
186.249 179.001
139.183 93.4962
145.567 105.23
116.387 15.0579
170.679 101.375
66.5588 33.8277
31.5997 158.421
60.4801 60.0273
28.5084 152.828
152.727 60.3997
71.0103 195.207
18.2271 105.218
30.5589 173.849
132.402 14.0819
52.0869 58.36
147.722 52.4753
127.363 182.838
185.934 114.231
35.2146 114.434
98.2701 72.3831
46.5155 183.104
59.5834 151.004
179.895 80.912
141.82 33.0964
145.34 28.2796
176.577 80.3846
145.217 186.301
129.75 83.4374
146.451 79.2028
54.2112 60.1334
154.258 117.219
135.962 108.065
193.387 173.468
42.8131 198.73
172.416 104.779
64.1516 154.132
64.3656 94.308
69.8944 31.943
132.654 54.7076
58.0709 173.355
55.0983 105.019
89.1592 51.8037
72.7883 79.5394
15.9128 101.75
34.4155 129.806
170.238 32.5359
107.085 108.231
54.4372 83.8894
123.957 60.8249
42.8107 32.9212
167.933 198.177
194.619 104.458
120.798 58.8216
76.1991 110.378
181.249 120.344
88.6394 80.847
127.415 33.5861
35.5834 191.771
96.1871 182.461
126.846 60.587
105.478 117.561
3.59925 141.658
129.4 51.6169
145.216 8.40138
92.2681 41.8519
173.502 40.5947
116.065 148.873
92.741 92.1749
122.184 82.9998
59.2564 123.685
131.33 120.165
186.352 85.16
148.31 2.79255
130.868 189.239
73.815 46.7095
28.8971 1.41568
139.296 9.28649
168.725 185.632
58.3512 189.085
28.4193 8.01516
84.8558 170.644
83.4856 11.0368
191.809 186
129.406 142.192
131.219 139.194
92.0915 66.3898
104.456 59.8726
101.881 60.4917
170.177 4.81033
131.946 135.919
9.40647 148.317
142.551 5.97514
16.854 117.048
159.341 192.1
51.5466 81.339
116.901 164.388
158.48 92.5009
147.398 148.332
132.361 97.8897
113.771 96.611
116.868 92.8779
57.8656 7.26829
65.3789 142.387
168.542 53.314
41.2454 4.59433
135.202 145.808
7.85172 1.51248
186.11 9.03491
198.666 101.221
116.835 54.8982
160.882 54.8271
20.0024 156.079
157.592 56.4008
142.744 55.3117
47.9685 54.5085
146.76 132.276
52.1938 134.886
138.57 51.4312
117.031 80.2887
182.266 95.7942
114.522 79.8329
136.41 77.1753
40.7916 11.2168
73.5174 182.629
198.253 158.202
194.525 182.59
7.67561 126.785
192.484 6.45717
126.482 85.6825
98.9672 91.3458
95.4726 91.6479
183.004 19.6084
177.725 198.311
103.349 79.3486
27.4591 126.206
2.21265 129.777
83.1734 134.255
108.121 58.9561
198.516 154.728
22.991 144.928
10.6074 7.69404
110.827 59.19
59.016 111.293
106.045 167.337
102.504 164.362
103.919 159.038
17.0079 4.23914
90.4 114.224
105.543 186.303
57.9185 79.0675
13.9882 10.8694
36.0569 58.2061
30.6451 51.008
198.243 2.51612
121.388 104.42
198.83 160.465
36.4956 132.704
157.2 176.027
194.937 86.0499
34.8547 60.6363
15.4176 169.548
96.0415 16.8756
64.7078 128.893
142.484 101.075
198.311 76.1223
123.622 186.396
52.6043 1.42524
26.7003 136.27
2.41947 182.345
33.8091 110.911
107.074 170.433
173.054 21.7111
132.193 130.074
5.09237 153.459
91.5235 117.136
59.9352 198.275
177.599 10.8429
61.0524 78.0847
20.7367 189.008
35.7882 108.098
130.472 101.383
46.1904 107.74
110.411 79.7876
127.303 126.61
1.13228 188.834
107.902 81.1447
60.6258 128.134
141.759 126.375
173.818 2.33133
6.35225 120.225
86.0486 117.586
76.9601 18.0407
29.8432 145.158
13.6599 151.773
177.033 16.305
42.8859 110.626
57.5923 90.3229
57.8992 182.794
28.5753 142.386
183.146 1.9239
78.4923 113.864
186.156 161.258
68.8499 198.479
148.985 129.994
101.281 104.56
10.0333 11.3489
3.05185 171.477
95.2356 80.2682
48.5489 58.0913
184.242 154.287
23.6752 183.056
1.96928 5.1487
40.937 133.313
197.898 95.5786
195.263 97.3443
158.883 76.8802
66.3883 138.998
176.861 183.206
110.469 65.7377
179.227 101.861
126.817 95.3278
89.4058 128.326
103.042 97.0607
30.538 5.09958
104.875 72.669
130.234 104.47
117.447 72.8477
160.377 66.5002
51.3319 89.2438
145.403 145.163
69.8495 7.66909
176.298 185.644
170.105 46.0143
3.74804 117.33
42.0478 7.92192
110.282 146.602
185.754 93.5318
153.025 185.778
148.371 16.016
46.8528 1.81508
54.6442 89.9748
181.807 104.962
129.906 66.5985
81.0981 182.3
123.352 63.5772
126.62 68.8597
120.771 70.9334
7.5058 101.279
122.961 194.993
89.3924 71.2077
133.484 70.4498
160.584 101.193
129.517 88.7062
133.175 185.4
145.658 96.8127
98.2497 53.1413
197.214 177.794
134.961 4.37514
69.8104 151.389
151.79 123.068
63.5578 41.2971
151.335 72.9276
42.9182 159.447
85.6537 198.691
67.6376 119.817
155.102 98.5915
42.257 120.589
33.9289 198.204
158.352 144.66
79.7625 39.4259
148.508 44.4364
156.13 169.186
165.26 111.105
182.449 111.031
105.159 23.0979
84.2979 123.846
65.9635 108.153
126.764 117.319
70.0288 101.21
34.312 104.526
156.979 195.691
8.04263 145.179
73.5211 1.78216
97.9099 79.982
129.311 148.311
40.7201 60.9549
126.006 133.154
182.575 78.4311
116.956 167.258
13.7136 8.09372
139.409 71.7092
148.992 139.015
39.0743 130.047
176.351 157.45
108.193 69.0422
46.2794 127.093
28.0466 11.0838
9.40888 139.224
141.668 64.6484
17.0693 2.0309
157.537 66.7274
64.8613 80.6089
171.305 66.6926
92.1661 79.738
34.2874 117.405
147.314 142.423
63.9876 188.932
65.999 123.683
92.7192 59.9921
73.6445 35.5037
138.579 23.2517
173.897 27.0082
57.46 154.147
123.443 93.1815
115.32 117.712
144.958 17.1625
29.9861 189.204
92.6152 111.19
155.019 104.872
156.018 198.519
65.2883 104.441
70.0005 48.8017
145.718 41.3958
153.108 20.9646
3.42916 104.553
30.9369 183.269
146.087 107.858
167.135 117.069
115.837 7.37019
142.414 42.7873
147.301 66.0331
95.0297 61.061
56.278 195.377
45.2261 153.827
33.5608 101.627
83.4127 1.57246
164.19 47.0963
57.0401 41.7948
168.241 142.098
166.69 47.6754
176.905 117.189
18.0638 198.114
56.7872 163.707
1.34678 16.1537
138.914 38.5097
107.768 18.5578
83.3663 104.391
82.6486 76.0993
110.871 19.4776
92.9644 120.082
123.637 38.6142
170.998 192.452
58.1585 71.9201
194.916 20.7216
189.531 59.3895
10.0208 192.173
82.7324 163.911
79.0033 58.8407
114.575 189.487
40.9763 98.2465
38.9768 114.568
121.211 41.6739
128.97 155.053
176.227 33.7326
80.2127 151.086
45.6264 36.2655
115.951 114.504
82.6882 61.1105
64.345 73.2293
20.2036 73.3112
189.093 113.544
111.461 132.377
53.23 11.4162
108.769 120.005
179.966 88.9251
196.769 107.382
153.008 183.265
127.088 151.376
166.035 82.762
177.199 195.809
13.5709 185.648
32.3976 86.2635
63.7319 177.088
189.037 51.9818
61.2032 14.7974
104.275 132.69
40.8502 192.526
16.4426 70.7489
115.001 101.825
115.71 39.2363
114.587 158.377
73.0251 135.687
139.467 119.988
176.837 27.027
23.6297 166.779
82.8104 55.0039
153.91 160.856
28.4383 179.978
20.3355 40.393
15.9493 41.2039
26.3487 176.482
39.3211 64.4981
191.863 188.678
91.3271 170.848
185.68 128.423
70.2302 170.436
67.2239 110.988
77.1504 52.8588
15.7735 176.716
39.5883 145.745
153.524 158.036
39.4867 39.3175
189.499 120.02
39.5375 179.454
155.222 152.012
79.2964 157.768
76.4318 189.542
140.866 192.09
185.584 139.081
90.8155 160.679
127.255 173.636
120.498 120.441
197.864 28.1335
46.4908 179.668
190.409 198.592
46.7592 176.514
166.011 195.527
107.306 192.743
122.954 178.241
183.287 32.9128
48.3276 97.3156
16.2313 48.925
105.179 126.046
2.93569 64.7043
82.2752 71.5578
22.7941 69.9105
3.2995 123.273
89.1957 185.704
16.9372 86.344
4.72971 51.6693
79.8782 173.335
16.4336 60.4721
27.2846 86.0191
52.2645 114.299
57.509 66.4183
45.2856 192.06
146.781 120.534
41.1109 35.399
191.481 136.011
44.819 89.488
86.1155 64.3278
42.7421 65.7597
183.15 29.6543
76.6352 166.824
163.757 183.141
152.008 154.163
191.911 95.5641
39.095 73.0793
129.002 158.038
116.599 178.165
1.107 19.9622
76.4814 163.628
1.05237 85.7866
47.6686 186.455
3.77061 79.7829
197.909 66.0851
103.44 136.446
54.2281 185.382
72.8542 180.12
65.5451 167.634
185.805 64.8722
176.388 151.183
59.9067 113.635
108.117 123.899
86.3956 53.9392
115.962 107.986
197.815 16.4945
167.35 114.523
139.303 195.246
48.8843 65.2153
85.4441 91.9763
28.5354 32.7527
42.4726 69.8661
119.848 101.639
146.149 179.758
14.1207 179.849
141.674 77.954
198.672 140.169
164.185 179.561
108.007 95.8177
45.2088 39.1555
140.252 188.636
22.7635 195.86
186.347 22.632
157.396 182.285
26.0018 20.8065
20.5026 33.0452
170.827 182.515
110.637 28.1671
176.517 89.5395
95.2908 185.963
20.5143 120.056
164.153 23.9181
110.422 98.908
9.35382 19.9483
170.025 17.3597
21.4725 176.89
146.55 189.021
179.328 134.936
34.8775 23.6674
120.23 108.157
191.631 22.5929
10.7593 176.817
85.8332 154.726
85.9609 69.8824
135.429 45.8246
120.933 158.617
33.6098 32.9891
71.7165 166.805
172.135 84.6499
72.2446 172.948
21.4957 60.5695
11.381 123.566
135.74 111.3
8.67071 67.4194
109.245 136.074
145.333 123.348
108.326 126.999
182.621 192.282
70.1334 92.379
73.4715 97.1009
9.10936 110.394
46.0364 72.5673
172.749 114.485
126.386 114.005
102.048 129.794
197.016 198.602
10.2163 108.249
84.9306 7.79446
186.084 148.372
194.933 120.468
198.755 145.282
159.853 157.442
45.3136 135.817
23.6964 95.6165
158.154 161.04
23.6348 126.465
11.244 179.815
60.8975 117.148
147.138 135.746
22.9934 57.499
195.656 135.945
136.219 198.205
97.2322 195.832
57.3483 186.236
198.07 34.9109
51.4615 72.1817
58.7144 10.5525
180.103 97.0018
86.2582 151.173
47.6441 114.561
136.019 154.231
96.1972 10.5817
141.894 85.3858
72.3677 159.492
95.1583 5.13717
107.482 129.75
179.604 72.6241
95.2573 170.524
190.59 123.659
133.821 170.039
183.265 65.2218
134.85 166.943
1.91672 29.9051
9.65545 32.7241
180.22 192.016
69.8195 70.9939
60.5733 64.3036
23.0002 45.3666
86.2087 60.818
77.9834 96.7332
186.095 164.498
173.038 108.155
198.788 71.884
101.27 120.776
183.324 167.291
64.259 179.559
15.2409 141.98
15.0057 73.8415
135.538 41.1183
115.1 45.1199
2.89294 192.484
38.7652 176.095
64.6709 66.8274
23.0751 41.0096
32.3508 17.2635
185.752 29.8391
116.321 129.47
127.259 198.835
42.0371 92.1226
15.0241 148.297
15.0974 129.748
188.885 91.5834
42.7252 142.627
116.121 120.799
79.4575 8.09713
47.0352 45.4718
14.7102 133.943
11.2623 82.2891
4.67537 26.4408
191.837 91.7193
95.8606 177.367
91.7646 192.205
123.604 48.1674
69.8821 176.565
28.6984 17.1617
70.4739 64.4067
138.594 136.16
14.3853 54.8138
140.296 160.513
2.07709 179.487
89.5152 178.016
10.8214 76.3028
42.2627 135.435
163.777 17.0002
15.8812 33.1152
20.4512 64.6049
15.066 26.1785
15.0395 113.871
22.5353 92.2551
84.4628 167.081
40.0548 123.909
110.997 35.5685
115.404 172.962
128.209 166.835
84.9858 157.378
140.141 123.686
32.6593 176.314
16.0954 95.4632
82.4092 64.4435
186.231 194.996
185.442 14.305
39.3358 185.709
20.6617 45.1561
104.436 123.658
51.4591 63.807
22.9331 134.532
84.3152 188.532
58.1762 4.44301
176.968 135.893
35.6555 26.2659
123.758 173.591
22.9995 85.7124
70.5744 110.592
185.665 70.8492
147.882 195.648
195.163 123.29
157.474 189.093
60.988 97.8945
73.1064 71.9293
8.47632 85.4314
176.171 71.7967
96.5175 161.149
34.8962 20.4444
5.14651 110.711
158.685 151.481
20.9799 129.863
183.142 151.597
185.826 133.484
33.4485 179.185
39.0935 48.9044
97.3157 191.628
122.071 188.694
176.707 97.5484
133.862 114.595
20.735 114.547
21.6106 26.0774
170.057 21.7167
183.199 72.5176
48.2954 123.688
179.387 64.5322
42.37 45.2076
2.99689 76.7518
179.507 33.0052
78.8495 154.979
119.87 45.016
54.6795 5.07111
140.135 176.375
91.7527 195.707
64.9148 191.747
78.5224 90.1636
55.2006 72.0025
163.986 192.73
179.498 28.4768
48.2677 92.5029
66.1824 157.728
151.645 119.84
90.149 157.357
166.73 15.0513
135.91 164.071
92.3962 10.6174
129.355 110.927
70.4993 191.628
115.424 42.1853
53.0756 117.541
14.6674 126.727
195.824 113.67
128.895 170.17
176.98 67.1736
22.1323 98.6322
54.146 63.8747
15.0566 98.8831
13.662 57.4402
188.631 98.6267
30.2178 195.637
73.2714 67.5103
114.776 48.8969
3.22657 107.48
197.075 191.822
23.7649 171.577
121.683 130.054
146.669 192.235
22.1379 142.571
46.3558 146.339
60.4667 70.9562
170.429 195.258
46.8581 142.289
36.2855 194.989
20.9792 54.5481
146.329 160.931
8.08084 23.2363
166.909 20.6801
9.12771 52.0957
10.3679 29.3408
86.2419 97.1867
89.7171 4.72007
185.822 35.2663
154.751 189.567
182.733 172.884
27.1938 23.9308
15.1584 91.8835
3.23255 176.868
13.7394 64.4721
16.9577 120.841
133.836 157.975
63.8154 170.275
167.396 107.729
192.301 14.8492
3.20868 23.418
85.4044 173.982
176.235 129.823
96.956 157.487
110.53 91.9358
1.62727 82.3121
133.671 151.876
45.4271 96.518
121.842 114.225
20.3952 148.024
7.59751 27.0866
170.456 179.797
22.1685 179.553
135.101 173.515
60.6326 89.8678
22.6376 185.745
64.7255 135.702
9.8762 79.169
189.83 192.693
196.32 189.516
108.18 91.647
3.4626 33.1828
42.4176 39.5926
159.466 154.913
60.9198 21.9457
186.04 171.3
109.834 198.768
65.3196 173.791
128.875 163.997
190.734 108.012
27.6803 30.0394
101.037 198.377
159.073 120.185
101.342 191.773
180.247 128.903
17.3047 195.806
